688781
688813
920028
920055
920062
920066
920068
920069
920075
920076
920077
920078
920080
920082
920086
920087
920088
920089
920090
920091
920092
920098
920099
920100
920101
920106
920108
920110
920111
920112
920116
920118
920119
920121
920122
920123
920124
920183
920188
920199
920204
920207
920208
920273
920274
920275
920278
920284
920346
920351
920357
920363
920367
920368
920370
920371
920471
920475
920476
920478
920489
920491
920493
920496
920504
920505
920508
920509
920510
920519
920579
920580
920592
920642
920651
920656
920662
920663
920665
920670
920675
920679
920682
920685
920689
920690
920693
920694
920699
920701
920703
920706
920717
920718
920719
920720
920725
920726
920729
920735
920748
920751
920753
920765
920768
920770
920792
920821
920826
920832
920833
920834
920837
920839
920855
920856
920857
920866
920870
920871
920873
920876
920879
920885
920892
920895
920896
920906
920914
920924
920925
920926
920931
920932
920942
920943
920946
920950
920953
920957
920961
920964
920970
920971
920974
920976
920978
920981
920982
920985
920992
